1 4 3277 11251 317 6389 
1 2 3030 3133 
1 2 13202 741 
1 6 7180 10091 7162 11921 10026 7005 
1 2 10026 11935 
1 5 11935 4061 1046 1115 7180 
1 4 7180 11969 9994 4163 
1 8 4970 12888 6381 10059 13077 7033 4131 1145 
1 2 4131 4046 
1 4 6381 12034 1141 4061 
1 4 12034 11953 12051 10078 
1 3 11953 1160 4163 
1 5 7132 11923 12760 9964 1145 
1 3 989 4116 7132 
1 6 10731 12842 13074 7008 4150 7132 
1 4 6718 7992 10814 8035 
1 2 4948 12710 
1 6 4948 7972 6771 13303 6761 7857 
1 3 1909 10725 6990 
1 3 2038 2094 7377 
1 2 7959 13240 
1 2 7959 13239 
1 6 14829 12751 14827 10829 2012 7857 
1 4 10803 9357 9386 9405 
1 5 9405 9423 9474 9811 14818 
1 8 14818 14817 8071 14815 9888 10836 9916 10406 
1 2 9493 12742 
1 2 12742 9562 
1 2 9562 9493 
1 2 1951 9687 
1 3 10919 9709 12874 
1 3 2025 13269 11263 
1 6 13269 11238 12817 12731 13312 2050 
1 4 11263 11267 4972 13273 
1 2 10820 13269 
1 4 10820 13320 8109 4997 
1 6 8034 11070 11135 1992 13319 10820 
1 4 11329 13770 13767 6039 
1 5 11329 13789 13774 13785 13783 
1 4 97 13798 81 13793 
1 6 5010 13833 12714 7980 13850 8124 
1 6 3246 13765 3268 13762 3290 5139 
1 5 8193 13741 13742 3318 12975 
1 3 3318 13740 3327 
1 4 3674 13395 13396 5117 
1 7 10883 13590 13589 13586 13585 13583 13579 
1 2 1950 13547 
1 4 3554 13503 13501 3518 
1 6 6248 13539 13522 10858 13523 3518 
1 5 13483 3461 13488 1968 4515 
1 7 13483 1516 3514 13498 13499 13500 3518 
1 11 1516 13481 13478 3490 13462 13445 3597 13450 13453 7716 13451 
1 4 12989 6575 6566 13734 
1 3 12989 13727 12929 
1 5 12929 13726 6586 6678 13724 
1 3 1939 13714 9097 
1 3 9097 13700 9082 
1 3 9082 13697 12929 
1 5 1939 6020 6739 13688 5210 
1 5 12911 13667 8205 13679 2196 
1 5 13679 8183 13675 9365 2206 
1 2 9365 13688 
1 5 10988 13659 13668 12967 8205 
1 4 12911 9352 9339 13654 
1 4 13654 13650 13649 10932 
1 3 13654 13652 8144 
1 4 10988 13661 10930 11048 
1 5 13348 8248 13351 13342 12981 
1 7 4515 13474 13472 13470 13469 13468 13385 
1 9 12958 13358 13360 13357 9459 9455 9514 13384 13385 
1 5 12985 9426 8138 2126 13377 
1 3 7872 9545 5199 
1 4 4515 13486 6392 12677 
1 3 5199 12504 12677 
1 4 12504 9592 9707 11048 
1 3 12986 12908 11154 
1 2 11154 11387 
1 4 11435 11421 11430 12908 
1 2 11430 11439 
1 3 2120 5155 11387 
1 3 2120 12935 11273 
1 2 8245 7900 
1 2 8245 2171 
1 5 8245 13245 11356 5177 11205 
1 4 7872 11235 11233 4851 
1 3 4851 11213 10525 
1 6 4851 11214 11224 11269 11283 10929 
1 3 10929 11281 11273 
1 2 11224 11205 
1 4 10525 432 530 336 
1 2 4879 10978 
1 3 11554 10957 4879 
1 5 1382 5203 2229 2207 4879 
1 2 11485 2229 
1 7 12589 1247 1304 10415 10442 1325 1382 
1 8 12589 1239 12692 12547 1217 4696 1223 1833 
1 4 1312 10697 1263 1239 
1 2 1312 1325 
1 2 1312 1339 
1 4 1325 1371 1418 1339 
1 4 1223 4822 1309 1312 
1 2 1833 7576 
1 3 12648 1335 1339 
1 4 4822 1306 5231 12648 
1 2 4556 12648 
1 6 336 8214 11736 1478 2213 1339 
1 3 10400 1429 1478 
1 2 10400 1668 
1 4 12648 1391 12064 10400 
1 4 1329 1360 1397 10400 
1 4 1329 1363 8178 7900 
1 4 1668 1537 1611 2171 
1 6 1668 1807 5106 1688 1842 11205 
1 4 1363 1494 1431 1537 
1 2 1468 1329 
1 2 10993 566 
1 4 681 11015 874 615 
1 6 12333 3662 10359 14368 14292 7477 
1 3 12333 7491 10414 
1 5 10414 4482 7924 12161 1623 
1 3 10414 7560 3551 
1 5 12324 12465 9605 1649 7924 
1 4 7924 1632 756 12239 
1 2 1632 7639 
1 3 12324 14293 1479 
1 4 10671 7775 1573 1623 
1 2 12465 14293 
1 5 1623 1554 1532 1576 12465 
1 3 12239 12722 10671 
1 2 7639 10671 
1 3 12722 10205 1384 
1 5 10671 4629 3007 11687 1459 
1 3 1459 10601 10148 
1 8 11687 10187 14205 10660 2058 13216 1483 4316 
1 5 10660 14135 10530 14136 1483 
1 2 12370 1483 
1 2 12218 7224 
1 8 14202 14142 4224 12583 10603 12640 4686 10148 
1 9 10359 7563 4563 14370 1517 14372 14371 14374 10262 
1 5 14293 10395 7541 10262 642 
1 3 642 9453 3618 
1 5 3618 464 3622 757 9753 
1 5 9453 7322 4254 7370 7341 
1 2 7341 10224 
1 12 7341 4294 4322 1290 11510 11537 9487 6574 6601 9432 11523 3578 
1 4 642 13008 12108 1220 
1 3 1220 12294 7370 
1 6 7341 7313 12198 10140 10168 10284 
1 3 10284 10213 9292 
1 5 10224 7281 4411 7401 10213 
1 9 10148 12397 661 12329 7600 4300 4374 4303 1220 
1 7 4374 7337 10277 10220 1243 4250 7407 
1 3 10308 4333 7407 
1 6 10308 10211 4238 1276 12257 10168 
1 4 1243 10268 12266 1276 
1 4 10603 4773 10146 13210 
1 6 4773 14921 12385 4595 1402 4250 
1 5 13210 10547 10619 10550 7784 
1 4 7784 4764 7332 1402 
1 5 13210 1840 4845 12601 7866 
1 3 10550 12529 7866 
1 4 10211 7298 12619 7741 
1 4 10284 7357 4850 7741 
1 4 7874 1294 1775 1292 
1 4 7741 7874 14043 10696 
1 5 10308 1375 1879 4685 7708 
1 4 7784 12635 4867 12594 
1 5 1864 12594 4661 14294 7708 
1 2 14588 6492 
1 4 6515 6450 4979 6197 
1 2 6197 12822 
1 5 8007 4136 9084 6107 6197 
1 5 5105 7847 10813 10735 1971 
1 4 5075 8013 8098 5105 
1 6 8007 4080 1107 6097 4998 6492 
1 5 9084 8106 10173 6379 4998 
1 9 8007 10843 10898 3918 1971 7084 4110 3886 3866 
1 3 12822 89 10729 
1 3 2086 2032 10729 
1 3 12822 100 12754 
1 5 12137 12362 10807 4915 2086 
1 3 12137 5055 12786 
1 3 12137 12980 4299 
1 3 4299 9973 12786 
1 6 4299 8114 9951 5002 11955 2032 
1 5 12786 10751 4516 11265 7537 
1 5 4245 10077 4644 7593 7537 
1 8 4245 4204 1444 9813 12452 1637 4571 4516 
1 11 7537 7565 12338 10389 10349 12242 13252 12366 1525 329 12322 
1 5 1075 9840 14521 1553 12366 
1 9 12338 1656 10878 4459 1541 7334 7064 1983 4299 
1 3 4915 10794 9951 
1 6 4110 1980 11852 4984 12094 12081 
1 4 4915 7905 4971 12081 
1 6 9975 12092 12829 9977 11321 4971 
1 4 9975 7207 10118 12037 
1 4 9975 1144 1061 1190 
1 8 4984 6218 12876 12844 7998 40 12868 2086 
1 5 12876 12041 10772 84 12822 
1 6 9975 11952 7150 4187 7013 1349 
1 12 1349 12269 7232 4395 1273 12208 7395 7244 10190 7391 7447 1238 
1 4 1238 1321 7402 4327 
1 7 4327 7265 4416 1381 12164 10149 10278 
1 9 10278 12180 10152 1430 4321 7340 1228 4237 10255 
1 10 10255 10001 11978 12462 10116 10088 12063 4104 4062 4245 
1 2 4245 1159 
1 4 11952 8076 12080 2105 
1 4 2105 11995 4953 10801 
1 5 10801 4410 7938 11338 5055 
1 8 12420 10401 12375 9229 10428 1538 1059 4104 
1 2 1059 1444 
1 5 12420 9325 12854 9577 10801 
1 5 4971 2092 10816 1949 11995 
1 5 2092 13299 7080 2036 10807 
1 10 12420 4557 9069 4883 10030 9039 7430 7060 4072 4187 
1 6 8087 4472 11950 10511 7619 4883 
1 3 7340 1275 8087 
1 6 8087 10324 12142 4353 10270 1349 
1 5 7060 7177 7205 10872 2105 
1 4 12142 12226 8232 9039 
1 5 10401 7574 9946 7090 11978 
1 10 1273 4291 12105 10799 10756 12779 7310 1344 7436 10278 
1 5 10756 7634 10259 5104 8087 
1 3 1344 12734 8011 
1 4 8011 12146 4344 7244 
1 2 4315 12146 
1 2 4315 4344 
1 6 7447 12275 7363 8067 1268 7436 
1 4 7265 1409 12247 7363 
1 8 1444 12035 12307 10471 12480 9770 9765 9577 
1 2 6927 7260 
1 4 6927 10287 6941 10201 
1 2 10287 10229 
1 2 10878 14508 
1 2 13966 13961 
1 17 14465 7578 12554 16234 13946 4873 13949 14278 13950 14395 4856 10632 14433 12669 13970 4786 4783
1 3 14433 12539 12880 
1 6 11929 112 113 4616 7662 7565 
1 3 2843 7124 4616 
1 3 2843 12050 4245 
1 4 113 10443 119 12338 
1 4 11929 9993 114 14521 
1 4 11929 11968 12010 7179 
1 7 4801 13959 13957 13956 7717 4766 7816 
1 13 4801 13962 13965 13966 7749 14330 13952 13950 4655 12448 4612 13940 12403 
1 8 13961 7823 7885 14432 10708 13945 4792 4677
1 3 10612 14428 4792
1 6 7816 14230 1696 4705 7751 12641 
1 4 12641 14234 4677 4719 
1 5 7816 10528 4837 1762 4797 
1 3 13993 12605 13956 
1 5 1650 7034 4202 12404 1492 
1 6 1330 12127 1417 10283 10344 1650 
1 4 12127 4336 1403 12125 
1 3 12125 7295 1315 
1 7 1492 139 7469 12464 1082 8063 1934 
1 3 1492 135 1170 
1 7 1330 10267 12197 12284 125 1333 1650 
1 5 4202 12449 4585 1607 7603 
1 3 4202 4541 7163 
1 4 7408 1427 7587 4348 
1 12 7236 4371 1337 1394 12201 1281 1308 4388 12220 12122 4392 1427 
1 4 7236 12131 1279 6029 
1 4 7236 12144 1291 7342 
1 9 7408 10250 10221 12173 10411 7572 7353 7492 1488 
1 6 1548 12402 10425 12388 12195 10250 
1 4 12388 12373 1357 10384 
1 5 10250 12224 10293 4251 10177 
1 3 7408 7225 4433 
1 4 7376 7319 12191 10177 
1 3 7432 10317 7376 
1 12 4401 12232 10232 12204 1285 10162 4405 4334 1300 4255 10137 10309 
1 10 10309 4379 1302 7280 12297 4397 10016 11936 1185 10129 
1 7 10129 12048 12008 1114 284 12282 2992 
1 3 4119 4075 10129 
1 6 4075 7015 9948 4121 4177 7137 
1 8 11914 14700 1175 14698 4096 9955 14701 7186 
1 7 11914 12068 1091 11959 7214 14699 7186 
1 4 6944 14420 11879 14422 
1 2 6944 944 
1 5 10265 7323 10165 1415 12253 
1 7 10265 1221 12236 10306 1372 12279 4228 
1 3 10212 12171 4338 
1 5 7342 1364 1376 10297 6015 
1 5 6015 4412 3328 4424 12299 
1 7 6029 7329 10227 1348 1392 6013 3328 
1 2 7381 10279 
1 8 7381 12249 1386 7223 12277 12293 10491 4608 
1 6 7223 4434 7421 1425 4406 7381 
1 4 7654 12472 10479 10491 
1 6 4652 6111 1648 10509 6113 7658 
1 2 10382 10354 
1 7 4361 12165 4276 10322 12268 4381 10294 
1 5 7798 4776 12932 12924 12910 
1 14 12910 7567 5225 8186 10927 8165 5197 12948 2191 10969 8200 10949 2157 1652 
1 5 7798 7755 1667 1861 7859 
1 4 7859 12435 4864 12406 
1 9 12406 10388 10427 12377 11019 2114 8249 5211 5225 
1 6 12406 7520 7450 10458 10445 7564 
1 7 10941 2116 5227 1570 12451 10430 7564 
1 4 5206 8230 12382 7566 
1 3 7538 13914 4520 
1 2 10427 4500 
1 5 8241 2211 2203 5195 2197 
1 4 12632 4819 7839 2197 
1 2 2197 8204 
1 7 1814 4804 12617 7783 7887 1565 4543 
1 2 7887 12664 
1 4 12617 1786 10609 4748 
3 14 1182 9998 14896 7157 7087 12097 6166 10125 4142 14914 14899 1067 11960 7072 
2 9 4102 11949 1183 12006 11925 4164 14857 7110 1025 
2 2 1158 7110 
2 2 7072 1051 
2 3 14899 1051 4054 
2 2 4094 7212 
2 5 1025 11985 14888 10052 1092 
2 5 7046 4179 14860 4094 9965 
2 6 9965 12028 6161 7197 11997 7046 
2 6 1092 11946 7212 12031 6168 7072 
2 6 7072 7113 1133 6163 4054 4142 
2 9 11985 14863 7050 1191 7145 10055 1167 9985 1136 
1 3 11960 14865 1136 
2 14 1136 14876 6172 7102 10032 10128 14917 14890 12007 1117 11930 4067 6189 1063 
2 8 1182 4188 4100 7016 14916 1024 4153 6188 
2 7 1063 6193 9865 6873 6994 14862 9859 
2 7 6188 7169 14872 1165 6870 11847 14862 
2 4 6873 3962 7532 10444 
1 5 4153 14879 14867 14868 6189 
1 3 1512 14882 14884 
2 3 4184 14861 4188 
2 8 4102 14859 1020 7178 10092 4027 14856 1025 
1 6 10444 10512 12493 1512 7595 4646 
1 5 10444 14887 12352 14880 4576 
2 6 7087 4069 10100 10015 11989 14890 
2 6 1182 1097 11908 14855 14037 12007 
2 3 1024 6185 1117 
2 3 11946 9968 7145 
1 3 12031 14873 9985 
2 4 1067 14920 14919 6172 
2 4 10125 4172 14918 6172 
1 4 12364 12351 7500 5163 
1 6 5163 10975 4394 12942 2158 10964 
1 5 5163 2172 14103 4277 2106 
1 4 12942 11022 12978 8216 
1 6 2172 13000 8255 4232 5143 8216 
1 3 8216 11001 4351 
1 5 2106 5213 10986 4337 4351 
1 4 4351 4352 2224 10987 
1 7 4352 10944 4378 4393 6838 7231 7317 
1 5 10944 10965 12943 4332 12922 
1 2 10964 3843 
1 3 10964 8215 10992 
1 7 12364 12379 4573 7621 1624 4643 1639 
1 6 12364 10402 12394 12409 1596 1639 
1 5 12364 1555 1568 4602 12409 
1 5 1639 12494 12321 12982 12306 
1 7 8161 10981 3459 12349 3502 3515 1639 
1 2 12952 3345 
1 2 3363 3394 
1 6 11021 5219 7550 10375 10390 10402 
1 5 10390 8208 5184 12970 8215 
1 8 12364 10515 12453 10943 8187 4227 8238 11007 
1 2 8187 4575 
1 3 11021 3695 4415 
1 4 12994 4779 4340 4351 
1 6 10362 12496 1654 12481 1641 7638 
1 4 12496 1613 1626 4604 
1 4 12496 10502 12468 12453 
1 3 5135 13195 5230 
1 2 5135 13086 
1 7 8222 650 8229 4415 12984 4404 5121 
1 4 2152 6017 2194 5187 
1 5 5230 8157 10938 12930 5179 
1 3 10987 7243 5179 
1 5 12994 4829 4841 6564 7243 
1 6 7317 7335 7349 7324 12916 8189 
1 3 12997 7795 7657 
1 2 7795 8247 
1 5 5166 7592 7487 7457 7429 
1 4 8252 10181 5051 12798 
1 5 10747 10997 11575 11538 11469 
1 3 7936 10680 11469 
1 3 10747 10983 7993 
1 4 12703 12790 11626 11538 
1 2 8113 8024 
1 3 10855 12261 1981 
1 11 7590 9603 12347 7546 4476 9607 10374 7451 10498 9613 7622 
1 3 7622 9625 4600 
1 2 10886 13085 
1 2 1616 920 
1 8 920 5208 3579 3751 3858 5151 12947 6609 
1 5 6843 12913 6609 2168 4095 
1 7 5107 2132 2178 5291 2150 12933 6843 
1 3 5168 2227 10933 
1 6 2227 1446 7561 10939 8179 5107 
1 4 8143 10998 10967 5168 
1 3 10946 3773 8143 
1 3 3773 4617 8227 
1 9 10946 8184 10392 5194 3598 3493 8233 10931 12938 
1 3 12938 680 10999 
1 5 10980 8190 12996 2153 10999 
1 4 10980 12334 8148 12938 
1 5 10513 5112 10432 5172 10980 
1 8 5172 2185 8210 2167 669 755 8140 920 
1 3 12938 7476 2167 
1 3 8189 12951 12995 
1 8 12951 549 2181 12937 5186 12972 10360 10513 
1 8 10360 12438 7636 12977 10945 5115 726 817 
1 4 10360 10947 11008 8181 
1 3 8181 2109 4587 
1 7 10447 7594 1542 1529 5156 4533 8181 
1 3 7638 4604 4575 
1 5 4604 4589 1598 7581 1542 
1 2 1598 7594 
1 6 2021 12867 11628 11709 4904 12715 
1 4 2021 11600 11596 12753 
1 5 2021 10889 12810 11737 1965 
1 3 10730 11675 1965 
1 4 1965 12755 4887 11793 
1 12 11793 12746 12873 10895 8057 1945 4977 4908 10765 8012 2069 12833 
1 14 12745 10830 14071 10916 80 8003 10853 57 1952 10172 2008 2011 11780 1965 
1 3 2008 7913 8079 
1 5 8079 5021 12721 12835 86 
1 3 86 10769 5015 
1 3 8003 7973 12835 
1 3 12835 10746 12811 
1 2 86 2060 
1 5 7361 7644 7304 1424 4285 
1 7 12149 10320 4417 7345 4345 4270 3778 
1 8 4285 12289 634 4362 12291 1284 7433 12149 
1 9 4345 9601 7291 12223 4419 983 3911 11902 4784 
1 9 749 3763 3775 6797 9580 11567 3605 6625 4270 
1 16 3775 9583 9585 11728 3640 9467 7366 4869 1782 10718 4775 7899 1769 4875 4426 4872 
1 10 4872 12688 3721 1788 12603 3769 10552 7718 1262 7820 
1 6 7820 4877 4343 7853 4413 1408 
1 3 12603 10611 4739 
1 7 4739 9669 6726 10684 3706 4765 4877 
1 3 6726 515 3010 
1 2 12582 7366 
1 4 3010 7766 2407 13075 
1 5 1408 1858 10273 4870 12571 
1 5 12571 1411 1347 6754 3010 
1 11 121 3116 6215 3091 6180 11027 3066 3103 6191 9370 6124 
1 8 6124 272 3139 3027 9293 12203 11352 7375 
1 6 7375 11228 237 4758 12567 1821 
1 6 1821 307 12102 1387 7846 4824 
1 7 4824 7774 10670 4780 7800 1709 10696 
1 7 10696 12679 14196 1733 1860 7825 7274 
1 9 7274 4866 12536 4789 14110 4793 7886 7815 4724 
1 3 14110 1718 7789 
1 2 7757 4866 
1 2 7763 14905 
1 3 1730 10667 7772 
1 3 7815 1850 12595 
1 10 4724 12691 12621 1876 10570 4750 10664 4815 12540 4797 
1 6 12641 14234 10574 12556 12660 12543 
1 11 12543 7851 10678 12657 14902 14236 14905 14906 7801 12678 7672 
1 3 7672 4805 12189 
1 10 12189 10466 11643 6686 664 6684 14289 3977 14422 957 
1 4 12189 7266 3963 12136 
1 3 12136 1343 9604 
1 4 12678 4246 14225 14207 
1 10 7691 1845 1730 14212 14208 7754 14207 14211 12263 12136 
1 8 7851 14912 7691 7844 1748 4726 4798 10641 
1 13 4719 10612 7743 4745 13150 14339 7894 14334 4506 14335 1645 7582 10433 
1 9 10524 12575 4835 7854 10565 10681 7785 14911 7691 
1 3 10524 7828 1735 
1 4 1735 4808 1803 4750 
1 2 4808 7802 
1 4 10649 12563 14363 12691 
1 7 1297 12515 1369 1685 1816 4711 10649 
1 4 12594 11410 1794 1297 
1 3 7274 14197 1297 
1 5 7708 1797 10537 4734 1297 
1 4 10696 12546 12616 7708 
1 4 1292 4242 12584 307 
1 3 9292 1327 1292 
1 4 7357 14044 14203 1292 
1 4 9292 7285 10133 1821 
1 6 4824 4659 7833 1768 7685 4817 
1 2 4817 12672 
1 4 4817 1784 12517 10536 
1 2 7689 10536 
1 2 11379 3275 
1 6 9292 1233 10329 10142 12117 1278 
1 5 1278 1258 4311 10256 4411 
1 5 10224 4261 1406 12298 12128 
1 5 12128 10299 3385 3216 11225 
1 7 1278 273 3289 12172 227 11256 3216 
1 14 6338 404 3251 11320 6388 4400 6246 7416 10286 10314 361 3280 7320 1821 
1 5 11375 9368 9270 6372 6191 
1 7 6380 16250 16203 6283 6356 252 121 
1 9 11375 9389 16179 3370 16183 16184 11362 301 16202 
1 3 9407 11344 11375 
1 6 6338 9259 3282 3383 6327 11344 
1 11 9407 6284 330 3387 3275 11217 16247 9235 16248 16202 6380 
1 5 9258 324 11262 11394 11344 
1 7 11225 9299 9338 6337 3196 3317 9258 
1 5 11351 232 6291 11309 9258 
1 10 11351 9245 9273 16197 11379 11268 16249 9282 6414 6380 
1 7 3578 3426 433 11408 9422 340 11351 
1 4 3578 9326 11335 9258 
1 5 413 6317 6369 9367 9245 
1 6 413 6477 9579 6603 15421 3580 
1 3 9449 15423 6603 
1 4 9355 9384 14527 3335 
1 4 3580 11244 11310 9355 
1 9 9355 9411 11242 16206 3292 6262 6333 6290 6414 
1 8 3335 3226 9301 246 382 3377 16201 6290 
1 9 306 3362 9399 9272 335 401 16253 3391 6380 
1 14 6380 16251 3358 366 6303 11349 6264 3235 9287 11234 387 11259 9275 341 
1 4 387 207 11392 11202 
1 3 3298 415 11202 
1 6 11202 9120 6139 11080 6174 3151 
1 3 3151 3060 9206 
1 13 3358 11250 6245 333 3101 187 110 6086 6154 71 117 3072 6174 
1 4 121 11166 6143 9131 
1 10 3151 149 11068 9164 11059 9184 6131 11083 3154 9131 
1 7 11059 9190 3084 11159 3033 155 94 
1 4 3133 6052 2994 11159 
1 8 94 9195 14455 3121 6181 178 11031 3134 
1 6 9131 3157 9187 3130 6102 312 
1 5 94 9055 11038 6051 6102 
1 6 3157 75 9113 3166 9124 186 
1 8 186 108 99 9225 1295 10579 7712 10723 
1 3 10723 11098 6040 
1 4 11098 3169 14649 1684 
1 8 10433 9782 10503 12482 1571 3815 810 3977 
1 8 11771 11808 916 4642 4572 11744 7652 10433 
1 3 10068 3156 11761 
1 12 10068 12043 1052 3900 11886 15649 6837 9835 11764 964 3783 6851 
1 14 11761 9843 3955 15674 881 11801 9873 3881 6898 934 3934 9788 6951 11771 
1 6 1069 7189 15654 11944 4137 10068 
1 4 10000 7105 1200 4205 
1 4 1029 9971 4157 10000 
1 3 9971 1124 4181 
1 10 9958 7656 14301 7085 9995 11973 16157 12055 1076 1029 
1 4 12344 12078 4093 4190 
1 5 7189 11962 7092 4032 4190 
1 3 4181 12015 10043 
1 5 11973 7025 10043 4037 1069 
1 5 4190 7109 12026 4140 11761 
1 4 12344 1203 1438 12432 
1 5 12432 14013 1590 6904 9843 
1 3 12432 7158 10424 
1 4 11944 11996 10022 7109 
1 5 7109 7000 4208 1027 1438 
1 7 9958 1139 14757 4144 1169 1188 4190 
1 8 7301 16161 12713 6932 16159 11931 14307 9958 
1 6 11931 4606 1180 10421 1519 12344 
1 7 7301 16171 5007 1575 7571 4634 1519 
1 7 2006 14284 4295 1933 556 16165 6638 
1 3 2006 1976 7301 
1 5 3149 14123 10367 15653 12344 
1 6 8081 14253 14119 3148 10880 3149 
1 6 1630 14255 3742 14003 14254 8081 
1 9 10424 7631 4525 2087 4960 1959 10854 3153 8081 
1 5 16171 8049 15413 12356 3149 
1 5 3149 7314 14300 3427 4960 
1 14 5033 7926 14247 10918 12899 4914 14260 10834 14258 10796 2099 2053 12327 10490 
1 4 5033 14239 14243 10741 
1 4 7971 14309 15442 10796 
1 5 5033 14240 2014 14246 14244 
1 4 7866 1783 10674 3167 
1 5 1783 1844 14741 12737 4823 
1 5 4783 14308 14377 14038 4843 
1 15 6638 1630 5057 12776 5100 2028 7971 1778 14039 4843 14041 14040 7732 12656 3167 
1 7 12076 7014 10034 10076 14754 11982 11913 
1 7 14754 1089 9953 12067 16213 4031 1029 
1 3 11920 11947 1055 
1 4 11913 1099 11994 7222 
1 12 7222 12036 10064 4158 16045 10446 7568 16229 4519 4547 5092 16162 
1 6 11913 4148 7181 4123 16211 1076 
1 6 12036 7094 16210 11916 1161 16157 
1 5 7568 16226 12012 10364 9958 
1 5 7459 16236 7508 1004 11931 
1 3 7191 4042 12076 
1 9 3992 4038 7054 1066 9944 11920 12059 11991 7191 
1 3 3992 1628 7637 
1 6 7035 1153 10044 11937 1171 1099 
1 5 12036 10017 1083 7035 7637 
1 4 10446 10462 7167 4619 
1 4 1153 357 4185 4038 
1 3 7637 9959 4619 
1 10 11865 3119 4041 15832 10757 14031 15837 7625 15855 7167 
1 5 7459 16229 4009 7609 1612 
1 4 11916 16210 10008 4148 
1 8 10043 12069 7129 4114 1139 4606 14756 7571 
1 11 6999 14609 1893 15843 11865 3100 7418 7406 14017 16162 7301 
1 5 6999 14312 3094 3099 4925 
1 7 14284 3138 15862 7256 12767 1367 4925 
1 8 12767 3131 531 12882 7397 14042 2022 16165 
1 2 14255 5057 
1 13 3992 7653 11988 1640 7097 10517 7665 15830 10335 3034 7577 8095 3031 
1 5 7097 9999 4631 3095 4619 
1 6 10517 7101 7434 12086 15837 1612 
1 12 4009 3135 10474 3098 7019 7406 4167 4256 10257 15859 15860 15862 
1 5 3031 3050 9939 14035 6999 
1 4 3031 10763 10819 12841 
1 10 4925 3096 12141 12819 3071 5072 3045 12841 3005 2992 
1 5 3031 3013 1884 7606 2992 
1 6 7137 4077 10459 1625 14030 7606 
1 7 3031 10616 3003 10431 4134 7650 7137 
1 4 4023 1018 11926 7137 
1 5 1023 10404 10039 7521 7577 
1 7 1018 7192 12023 7044 4152 7168 1023 
1 6 1023 12407 12053 12017 12310 10517 
1 10 4023 11981 7039 9963 11938 14593 14703 4189 14596 1047 
1 7 1047 14597 11941 14389 346 7128 1023 
1 7 11981 7135 4160 1038 1070 11990 994 
1 5 994 11963 14283 1038 1070 
1 9 1047 12095 1120 9970 3078 9982 1448 13143 7097 
1 2 1047 1202 
1 4 1202 14595 7108 10062 
1 3 1047 14594 7108 
1 9 1202 1162 11945 15845 1053 12030 7172 4083 3992 
1 8 4196 1166 10042 4113 11961 7004 4038 3992 
1 11 1202 4050 7067 9978 9938 10093 10010 7071 11986 7027 4196 
1 17 7637 9959 4203 4158 16207 9937 10079 14301 4010 7129 14758 9987 11962 10003 11996 9969 11761 
1 12 1166 4169 10069 4099 1055 4013 1168 10058 9974 7058 1096 11991 
1 10 12656 10545 14742 14740 7702 4682 7949 2015 7790 8112 
1 10 10545 7792 5736 2074 1943 15449 10911 15451 4973 8112 
1 4 10834 7940 10865 2074 
1 6 3018 3008 380 8023 7446 2992 
1 5 261 10776 280 10346 7446 
1 8 3005 9090 3017 7294 3068 2067 3087 3096 
1 10 2028 14122 8102 4783 10899 7803 12880 15405 15404 2087 
1 19 10424 7048 12403 828 1489 15670 4495 6988 10499 3978 10429 14465 7812 14461 14462 4561 14306 14333 4506 
1 5 1150 6851 6918 9854 6981 
1 4 11764 9781 987 11771 
1 5 6638 1630 15851 12732 10490 
1 6 6981 3970 3839 3895 9885 11771 
1 5 9803 9866 3913 1567 4572 
1 7 944 11862 9883 946 6947 3932 1567 
1 10 10433 3170 12412 12355 7670 10463 9623 12342 10215 10521 
1 7 7763 7832 14338 7897 4592 7526 10433 
1 11 10541 7848 15397 14022 4809 14341 14340 12618 1588 14337 4506 
1 3 14338 14336 1588 
1 2 15405 1959 
1 7 9788 9927 4514 3877 11903 12469 14465 
1 6 10000 15651 7089 4071 12045 1069 
1 3 11928 4091 9953 
1 5 14461 1502 14460 10638 4745 
1 5 14300 7659 15403 7631 10424 
1 4 13150 4852 14342 14166 
1 4 14342 1776 14165 4809 
1 4 4561 1499 1638 3877 
1 11 7669 13879 13889 12915 13897 10979 13894 2223 12992 12906 10927 
1 5 10475 13918 12424 7610 12949 
1 7 4520 12367 7566 4560 10460 13918 10475 
1 6 7564 7535 7522 4481 7651 13918 
2 5 14589 6515 8022 14588 14484 
1 8 12688 4218 12593 10656 7782 14327 7185 5239 
1 3 1799 10548 12571 
1 3 4285 4342 16122 
1 9 16122 16123 16120 16118 16114 16110 16109 3732 3712 
1 10 3712 6732 3710 11830 6909 9847 3878 16137 859 16138 
1 2 6625 598 
1 8 3878 3894 9774 9673 9693 11722 9754 598 
1 11 3878 6882 11782 6845 14056 16085 16086 16087 3957 16093 16092 
1 8 16093 16090 6929 11758 847 12405 880 11800 
1 9 16092 16057 873 16062 3823 11841 16054 16053 788 
1 13 11841 3925 7045 16024 10096 16029 16027 16001 7012 16007 15996 15992 7202 
1 18 7202 15993 1547 11975 15960 1480 15959 12381 15931 1572 12439 866 10489 15925 9834 1843 15922 1913 
1 3 15959 1433 15958 
1 11 12381 15923 15958 12353 15955 15954 15951 15949 15938 15939 10352 
1 10 10352 10520 7480 7668 15863 4464 7524 15516 15515 7552 
1 12 15516 1453 15520 1643 15519 1500 10337 15367 15366 15365 15362 2019 
1 2 12811 2019 
1 7 10337 12410 15355 4884 2042 6785 12369 
1 4 2060 5061 15358 2042 
1 2 5015 12369 
1 21 15365 7836 15370 15377 15378 4955 3867 15127 15128 15122 15121 4796 7747 15144 15145 853 10783 15243 7986 12374 1562 
1 22 15949 15896 15898 15907 15908 15918 12735 15915 15914 15812 10281 12501 15808 6974 15782 15780 15765 10448 1595 9653 15748 9654 
1 11 11800 4442 6890 9825 15762 3685 15763 11656 15699 6710 9724 
1 5 3763 11695 722 9667 9724 
1 8 15763 689 11637 9654 15752 6713 15741 15742
1 12 15742 15740 15739 7611 15735 15734 12497 10457 15731 15551 15550 4569
1 18 4569 15548 1621 15549 1441 15544 7834 15318 1352 15324 15325 12024 15332 4814 12570 12642 15234 10588 
1 20 10588 15228 15227 6887 15194 7764 15200 15199 15195 15196 15197 7879 15169 15174 15173 4521 1432 6694 3677 9671 
1 8 12501 15814 12670 15789 15728 7831 12305 4569 
1 12 15742 9450 12357 9657 15685 15688 15691 15720 709 751 15719 5205
1 14 15378 5022 15361 15360 15359 10740 12791 15118 5044 7920 15136 15137 15143 15145
1 2 12582 5205
1 2 12791 15127
1 10 12357 12456 15567 15683 15687 7829 10526 15690 15594 15596 
1 20 15596 15597 15602 6752 15603 10685 4772 14986 14982 14985 14988 6722 1767 4857 15280 15270 15275 12585 4860 7779 
1 11 7779 15266 6742 15312 15313 12124 12673 15113 10327 12214 7315 
1 3 1408 4428 10157
1 5 15137 3834 15138 15139 15243
1 2 7315 10157 
1 2 12374 7517 
1 20 1562 7517 11757 9814 15242 11859 6881 986 3840 9637 9671 3678 6699 9713 11658 677 15240 6681 6757 9730 
1 12 9730 15241 610 3644 505 11495 12281 4328 3513 10271 7386 7315 
1 2 6694 6699 
1 3 6694 6861 3840 
1 3 14746 15057 15058 
1 5 12881 12768 12806 1914 11058 
1 6 1914 11063 12862 2088 2003 12725 
1 5 12881 10900 2046 12796 8105 
1 2 12796 4963 
1 2 2046 2003 
1 7 1914 11951 11056 4133 11054 11053 11052 
1 4 11052 13250 12626 11917 
1 3 11052 8052 1960 
2 5 11105 9129 6108 9194 3083 
2 5 3083 9094 11066 3137 6047 
2 4 11105 6144 9167 3137 
2 4 6047 16265 9160 16267 
2 6 3122 16266 9038 6138 16262 6047 
2 3 6144 67 9073 
2 4 16267 9163 11210 11141 
2 5 9073 9183 11043 136 11141 
2 4 9183 16258 6082 9206 
2 3 6082 52 3030 
2 8 9038 63 3172 66 195 11121 16275 158 
2 7 11141 9169 9104 3125 9233 82 158 
1 6 9233 11024 6134 6175 11045 9195 
2 4 158 11164 11125 124 
2 2 3030 9061 
2 12 6050 11163 11082 11380 9393 6397 9329 6123 9410 9300 6345 9279 
1 9 6345 6412 3307 383 6310 171 11151 3171 6115 
2 9 383 6331 3286 3375 3063 6164 9209 9109 11082 
2 5 6050 6127 35 9185 9209 
1 6 6164 9054 11114 161 179 6160 
1 3 6310 69 11114 
1 7 6050 9149 3182 11091 11147 6129 9151 
1 10 9151 205 9088 3039 3113 6132 11120 6024 3104 6165 
1 3 6165 58 6125 
1 5 6165 11155 6208 9083 192 
1 7 9054 3141 14605 11197 9193 9117 11091 
1 5 9193 156 9148 11209 3108 
1 11 3108 46 11148 11129 184 3044 11 3062 6155 101 6208 
1 8 6115 14 9174 6151 11176 9296 11367 6176 
1 7 6115 144 27 6080 9047 53 122 
1 7 179 3136 133 11113 14452 3183 6118 
1 4 9151 3108 9066 14543
1 8 6115 11078 6160 3021 11028 9135 6118 3022 
1 3 9135 6204 11100 
1 9 3022 14543 6038 6041 14454 6187 6092 9208 9126 
1 5 6287 6393 3260 14542 3277 
1 5 3277 14540 14583 14539 6235 
1 2 3277 399 
1 4 6241 6286 14942 9335 
1 2 391 6241 
1 6 516 6598 3262 9498 14945 391 
1 3 14945 3211 391 
1 6 6537 11562 6500 6496 14630 391 
1 3 6241 11456 6500 
1 3 516 13068 6560 
1 6 516 11419 11519 6537 3488 3547 
1 4 6537 11407 11318 6583 
1 2 3516 11519 
1 4 11519 9444 9418 6583 
1 5 13939 3359 11257 14492 3379 
1 4 3379 3329 276 385 
1 6 7394 13943 9310 13938 3342 13939 
1 3 13938 3396 9303 
1 3 13939 11293 285 
1 4 3342 369 13944 13936 
3 3 11333 507 3501 
3 5 507 9458 6489 6351 3422 
3 6 11333 9239 6221 3369 3241 377 
2 5 11333 11374 221 271 322 
3 7 9239 9268 6270 9297 11345 3205 6384 
3 5 9268 11279 6237 9315 3205 
3 9 9268 13262 6103 11382 9269 9332 13263 11270 351 
2 4 3205 6268 9379 9269 
2 2 11297 9269 
2 4 351 11299 11378 9392 
2 7 6268 6335 9285 219 11218 9314 9392 
3 3 9392 9383 6395 
2 4 9392 6300 3150 11136 
1 6 3150 11306 11055 9161 3159 11064 
1 3 377 407 11361 
1 3 6384 9364 6363 
2 3 3369 6378 9297 
2 3 322 3287 13262 
1 3 3422 3463 540 
1 3 3152 496 3174 
1 4 4640 104 11186 6174 
1 4 3152 14526 11426 4640 
1 2 11426 11057 
1 3 11057 9221 415 
1 5 11057 9485 3388 9240 9340 
1 2 9485 9221 
1 7 6296 9438 6376 9483 14532 6222 9340 
1 4 14532 6342 11246 9262 
1 4 9340 10323 13931 310 
1 5 3320 9295 13256 11358 310 
1 3 310 341 3298 
1 2 3320 6296 
1 3 6332 14145 348 
1 5 348 13258 14147 9499 9483 
1 5 348 3384 6407 11312 6296 
1 4 9438 9246 11342 11358 
1 7 11370 216 294 11322 11220 11353 306 
1 4 11220 11241 9323 387 
1 2 11241 11353 
1 8 11370 360 386 11313 14478 6373 9288 3568 
1 4 6373 9289 14479 11220 
1 8 9288 9342 11229 11325 14299 398 3390 3335 
1 4 11370 277 11391 3320 
1 4 9304 14537 3366 3393 
1 9 3256 11528 560 535 11285 215 6232 6319 9288 
1 5 11285 9655 14442 14530 6435 
1 3 3392 6546 3412 
1 3 3293 6249 9323 
1 5 277 406 833 6371 3293 
1 3 3293 6326 310 
1 3 11686 565 6600 
1 3 11686 6743 13202 
1 8 525 11557 582 6458 9437 9477 11462 3520 
1 3 3520 11526 3580 
1 4 6458 6532 14446 3568 
1 7 9477 9566 3225 14448 15428 3306 3335 
1 6 11557 9543 14449 9519 559 511 
1 5 511 3557 11397 418 9556 
1 3 3520 3455 11397 
1 3 6474 6505 9461 
1 6 6505 3479 3491 14445 6554 9556 
1 6 3557 6578 3508 14444 502 3479 
1 5 11405 3399 6776 3466 6474 
1 3 6420 14295 3466 
1 4 11405 453 11452 14444 
1 2 453 11437 
1 8 3755 737 568 3722 6724 9718 9677 9680 
1 4 3468 3686 14328 9718 
1 6 9718 14435 11700 9729 14439 11405 
1 2 3755 11683 
1 4 11683 6507 6423 6478 
1 3 6423 486 11437 
1 4 3704 3701 6727 11670 
1 5 11670 9698 3575 11546 11683 
1 8 9698 741 754 3757 9576 9435 476 6429 
1 4 6600 523 6455 476 
1 5 11546 14437 434 409 488 
1 5 511 6495 6478 3452 488 
1 5 409 458 9465 504 525 
1 4 476 9481 11490 9533 
1 2 504 11490 
1 8 9533 11536 3470 3511 11543 6435 513 3412 
1 3 11479 9558 513 
1 6 11691 3548 9425 11411 491 11479 
1 5 6429 462 438 6557 491 
1 3 11411 11550 9548 
1 4 9548 577 3407 523 
1 3 9533 441 6232 
1 3 9461 9476 9488 
1 2 9556 9449 
1 9 9461 6519 11487 570 3492 9489 534 15418 413 
1 3 14445 11541 3492 
1 9 6484 11466 3392 3256 6306 6280 9304 3759 360 
1 6 3544 524 402 11274 347 3393 
1 4 524 12562 3521 6484 
1 7 3544 6567 6321 6347 3295 3380 362 
1 7 6347 3351 9346 6375 11386 400 347 
1 8 6282 6309 9334 11372 676 11316 14485 362 
1 5 3460 6558 9387 6236 6309 
1 4 3460 17 3381 243 
1 3 243 3324 362 
1 4 9508 660 6401 243 
1 3 9508 9400 3544 
1 4 660 9439 9532 3460 
1 6 11479 9468 6522 6499 442 9427 
1 6 9427 3497 562 3458 467 3544 
1 3 6522 11507 562 
1 4 9551 9412 11398 9427 
1 2 9427 6464 
1 4 6464 506 11428 9508 
1 5 6464 11467 9457 6512 9570 
1 3 9570 3283 9532 
1 4 9570 6595 3438 3473 
1 3 6558 444 3473 
1 3 514 9535 6595 
1 6 9692 3484 9551 541 3581 6573 
1 3 3581 3410 6499 
1 2 9692 3700 
1 3 6573 3565 11691 
1 3 6418 9414 11542 
1 5 3569 11556 583 574 11542 
1 4 3569 3553 6590 9567 
1 2 9567 6464 
1 2 9567 9551 
1 3 3569 11511 9692 
1 3 3569 3718 11666 
1 3 583 445 3553 
1 3 445 3485 9570 
1 2 7069 10070 
1 4 10070 15484 15482 7100 
1 4 10070 16153 15495 9945 
1 6 7100 11987 15464 1111 15501 989 
1 2 1111 12100 
1 4 15467 7958 7116 15501 
1 4 7069 15488 15487 6415 
1 3 15487 4139 11943 
1 3 15488 15486 6459 
1 6 6302 11124 10087 1088 11127 12473 
1 3 1074 11095 4111 
1 3 6302 1450 6297 
1 5 12473 14598 3053 3942 3127 
1 3 3127 1634 6312 
1 4 1634 7671 3129 6362 
1 10 11266 3269 10876 11187 11252 2004 12726 14401 2089 9045 
1 5 11266 12046 11275 11201 12413 
1 4 11266 1350 8123 11292 
1 5 11201 3272 11289 3219 11292 
1 4 11292 11295 6826 3916 
1 6 11292 11364 11498 10106 10804 6362 
1 3 12895 14947 5075 
1 7 16215 10837 4124 14616 10385 4499 14614 
1 3 10837 10922 14664 
1 8 7953 9555 9060 2065 15483 1982 4154 14664 
1 3 9555 9421 9059 
1 8 4124 14378 8093 14662 4356 7573 557 4599 
1 9 16215 14674 7969 4553 14733 14615 14731 12861 1896 
1 5 4599 5029 2000 4958 7560 
1 6 14664 9065 16218 4983 14263 14673 
1 4 14673 14671 3870 14271 
1 3 9065 5067 8074 
1 4 7982 14267 10913 3870 
1 4 8074 2026 3952 14263 
1 7 14671 10828 3982 10873 1888 14677 5029 
1 3 14271 584 1986 
1 4 9660 9690 3731 3713 
1 3 3713 6751 6573 
1 2 11625 679 
1 7 9660 548 6716 730 11659 6735 3730 
1 3 3730 11520 11691 
1 4 9660 546 682 11610 
1 3 9660 11663 9676 
1 3 9676 6720 9692 
1 3 6720 3700 11666 
1 5 6720 701 11627 6672 665 
1 5 11666 11651 3684 9665 688 
1 5 11666 9661 9646 6687 3673 
1 4 688 3675 668 3673 
1 2 9646 665 
1 4 3675 671 11634 11618 
1 5 11618 9636 6680 13289 11601 
1 2 663 11601 
1 2 663 9638 
1 2 9638 11640 
1 3 6336 9335 14631 
1 4 6521 9428 478 514 
1 7 6521 3499 6559 9560 3312 11481 9471 
1 5 6521 375 11219 11276 321 
1 4 11276 11305 11331 6389 
1 5 9560 6487 9375 526 6377 
1 7 11331 9320 9347 6325 6349 3326 14632 
1 3 6377 3271 3326 
1 3 9375 9264 9347 
1 4 6377 405 9509 11388 
1 3 11388 11264 14632 
1 3 11264 241 14631 
1 6 9509 6535 495 6469 587 3547 
1 4 6469 6622 9363 6241 
1 2 587 11562 
1 6 6583 9575 3423 11560 9486 6488 
1 3 3423 11494 3547 
1 4 9486 529 6570 6469 
1 2 9575 11531 
1 3 11560 6581 9517 
1 4 6581 3530 3692 11640 
1 7 3312 6582 6524 482 13116 3397 6488 
1 4 13116 11417 9572 11544 
1 4 482 564 11431 6535 
1 6 6488 6549 11533 564 3561 526 
1 3 9375 11359 11219 
1 5 321 6441 9388 349 6282 
1 3 9428 11444 3473 
1 6 514 9471 9441 11404 9416 11544 
1 5 11653 3705 3299 571 11544 
1 2 11653 692 
1 2 9517 519 
1 6 11640 694 519 6934 708 3705 
1 4 9517 6555 11529 11544 
1 4 571 3541 9515 11653 
1 2 6680 6934 
1 3 9441 538 6524 
1 2 1086 4206 
1 3 4206 1201 1065 
1 3 4206 4088 11970 
1 2 1086 4088 
1 3 7151 7001 1074 
1 2 4115 4017 
1 4 11542 6440 469 514 
1 3 688 707 692 
1 3 11618 673 692 
1 4 663 11623 3679 694 
1 4 3378 5024 10791 12702 
1 5 3378 12727 3374 3522 10791 
1 4 6666 11590 9620 663 
1 3 6666 6683 9620 
1 5 11584 6656 316 628 6626 
1 6 11584 3604 603 3776 773 3780 
1 3 603 9598 11598 
1 3 11598 9630 11634 
1 2 6626 599 
1 4 628 3657 9679 668 
1 4 3780 776 3782 6780 
1 2 3782 14148 
1 3 6788 6790 3780 
1 6 9907 6985 304 6793 313 3604 
1 4 304 6606 9752 6790 
1 7 9904 11751 6875 11833 6973 14604 6788 
1 5 9904 6862 3885 9879 9907 
1 4 6862 9794 6926 925 
1 5 304 782 11861 967 925 
1 2 6973 9907 
1 4 9904 11846 9826 819 
1 5 925 9838 6831 3966 6946 
1 5 6946 883 14151 9784 11837 
1 8 819 955 851 9856 10027 9924 12098 9990 
1 3 9856 6972 11837 
1 3 819 11803 6946 
1 3 4159 1156 10074 
1 3 4159 12047 4014 
1 3 902 11824 9772 
1 5 3780 611 9600 11604 663 
1 2 13276 9904 
1 4 11506 9534 11563 9434 
1 6 11506 11518 9561 454 6504 11483 
1 4 11563 485 11420 6504 
1 5 11506 9523 3549 6599 11535 
1 4 11508 9525 6572 3552 
1 7 11508 527 3523 3509 6533 512 9523 
1 3 11465 9510 11508 
1 4 11465 503 9478 3509 
1 2 3671 6533 
1 3 3671 9492 9478 
1 7 9737 11565 6792 595 629 3659 3671 
1 5 6766 11702 6775 11720 11565 
1 3 6766 6917 9853 
1 8 6917 6960 9898 11849 11834 911 956 9909 
1 4 9909 3959 11891 6788 
1 3 9909 13288 3959 
1 4 11849 11713 762 3589 
1 9 11702 11718 6618 6648 3626 3655 9629 11631 512 
1 5 3589 3768 764 9738 6780 
1 3 3768 778 6666 
1 8 3589 6613 11794 648 3669 9490 11491 11506 
1 6 3669 3652 9642 6698 698 678 
1 3 678 6529 521 
1 9 521 3629 11502 9559 3560 6545 13011 11549 11518 
1 4 6698 11642 11488 3560 
1 5 3560 3546 9472 11606 11483 
1 2 11483 575 
1 2 11535 6449 
1 3 9510 6536 542 
1 6 11465 11616 9631 6657 9597 6792 
1 5 6762 3740 11699 3749 6766 
1 11 6960 760 6770 590 9593 11576 6644 667 9644 3506 11491 
1 2 3671 9629 
1 2 3655 6644 
1 3 6644 9609 11794 
1 4 3652 6531 3533 6545 
1 2 678 9638 
1 2 678 11640 
1 3 521 3558 11560 
1 2 11502 11531 
1 2 9559 6583 
1 4 11483 3576 3516 516 
1 3 9472 13081 11519 
1 4 9767 13926 9827 11825 
1 3 11825 3920 9699 
1 3 11825 6936 9700 
1 7 9827 918 11843 3727 11840 9686 6734 
1 3 6734 9689 758 
1 4 11840 729 14153 758 
1 3 9699 11707 6749 
1 4 6936 11684 13927 11688 
1 4 9700 11854 3735 6756 
1 5 11854 3902 6903 6878 3816 
1 2 6756 743 
1 4 743 6762 6777 9737 
1 2 9764 9824 
1 2 9824 9853 
1 7 6906 6817 3873 6966 6812 9797 9764 
1 4 9797 872 790 3816 
1 3 6966 3954 3816 
1 5 9767 13924 9785 9933 6878 
1 7 875 896 6800 858 14062 3938 9767 
1 4 875 3810 7098 7183 
1 4 896 6948 3930 11851 
1 3 7183 9815 12070 
1 2 7183 14155 
1 3 279 7068 9979 
1 4 9979 1090 6744 875 
1 5 1090 10063 1176 11956 12038 
1 5 11956 1192 12083 6896 6800 
1 7 3938 9757 14063 3835 14162 14164 10109 
1 2 962 14162 
1 4 14063 888 11884 6906 
1 2 14162 11884 
1 5 3938 3794 9917 6866 9877 
1 2 3930 6866 
1 3 794 6867 9827 
1 6 3735 932 13928 9857 13929 6878 
1 6 6906 3799 13923 7213 813 3816 
1 5 11805 970 980 13253 6880 
1 3 970 6986 6933 
1 5 11805 924 799 6924 9817 
1 2 9817 11673 
1 4 11851 3846 11885 924 
1 4 6924 9787 938 794 
1 2 9817 6734 
1 2 3790 6880 
1 2 4143 4073 
1 5 4143 7011 14510 10073 4076 
1 3 4073 1178 12049 
1 3 4143 14515 1178 
1 3 4143 14513 10005 
1 4 14513 14512 14511 7091 
1 2 10073 14511 
1 8 4076 4145 1071 11910 10061 11967 9989 7079 
1 8 7011 1068 10031 7144 11974 12044 7073 12071 
1 3 12071 11999 6217 
1 3 7073 10097 12099 
1 2 12071 12002 
1 4 7148 7117 1048 7011 
1 2 7221 7125 
1 2 7221 3310 
1 7 7221 1100 7204 7175 4126 3261 10110 
1 3 7221 3285 7204 
1 2 3285 3308 
1 3 7204 14456 7175 
1 6 4056 3276 4086 1081 11977 7204 
1 6 10110 12085 1054 3247 12060 4056 
1 3 1100 10036 7021 
1 4 4086 4103 9936 10036 
1 3 7204 3278 9936 
1 4 1003 11915 10065 4052 
1 2 4052 3189 
1 4 4052 9790 912 11835 
1 2 11835 6981 
1 4 4052 7171 10083 848 
1 4 1003 12040 7070 848 
1 11 848 3191 3210 6928 3852 3904 6922 959 6822 898 6944 
1 6 6922 11878 3245 9899 6963 11828 
1 3 11828 3949 9803 
1 5 9790 14036 3912 11775 11828 
1 2 7221 1003 
1 2 10036 12011 
1 5 9627 6650 3654 9596 665 
1 2 9627 599 
1 4 9627 3631 11595 9679 
1 4 11581 3592 3601 11564 
1 4 3924 3974 6611 3601 
1 2 11564 9627 
1 2 11581 3654 
1 5 11581 11594 9595 6647 11577 
1 5 11581 9611 14064 3670 682 
1 3 11899 11872 9894 
1 4 11899 378 9591 6647 
1 3 9591 6799 13934 
1 3 9591 9588 6619 
1 2 6619 6614 
1 3 6619 3596 11594 
1 2 13934 11577 
1 4 11586 11580 3617 3623 
1 3 11586 3614 11787 
1 3 9660 11625 6670 
1 2 3623 6670 
1 3 11580 14613 11577 
1 5 11586 414 6998 9602 11887 
1 4 11580 3609 606 6799 
1 7 11586 9599 3956 937 6913 9809 9821 
1 3 414 3984 6970 
1 2 9914 9780 
1 3 9780 3884 914 
1 3 9780 3896 9809 
1 2 11857 3882 
1 3 11857 9874 9890 
1 5 11857 11832 388 9906 11887 
1 4 9617 11603 6677 657 
1 5 9617 3663 9651 11636 6706 
1 3 9617 3636 3639 
1 5 9617 6658 818 11588 6652 
1 3 3663 501 690 
1 2 3639 6652 
1 3 6652 11657 14348 
1 2 11657 11605 
1 4 11657 14348 11592 9606 
1 3 6652 637 6679 
1 3 9606 14296 6682 
1 6 690 9619 6679 3665 662 6682 
1 2 11605 3665 
1 2 6706 11655 
1 3 9651 11652 11655 
1 5 11655 3741 744 11672 11689 
1 2 744 723 
1 2 11672 9716 
1 2 11689 9548 
1 3 6679 522 3694 
1 4 3694 9670 9685 11689 
1 4 3694 6714 11676 746 
1 4 6682 3696 713 746 
1 3 6706 3076 3704 
1 2 723 565 
1 2 746 3548 
1 2 3696 6735 
1 3 6682 9656 679 
1 2 9606 11787 
1 4 949 3971 3937 11813 
1 4 949 11754 3819 3796 
1 3 3971 6982 6814 
1 2 11813 6814 
1 3 3796 9610 9612 
1 3 6814 6842 9610 
1 3 6814 6967 9902 
1 3 9612 499 9783 
1 4 9902 9919 9783 13301 
1 2 9612 6658 
1 4 11754 9771 3630 6652 
1 3 949 11868 11887 
1 2 7096 4109 
1 4 4109 15434 976 863 
1 2 863 3973 
1 5 863 6930 3844 936 11818 
1 3 936 3833 11857 
1 5 11818 472 9791 9930 11774 
1 4 472 9818 6857 949 
1 6 11747 804 9844 6920 3919 904 
1 13 11747 11784 3907 6808 3951 3786 3851 11811 11829 9833 6895 922 11842 
1 3 11842 965 6814 
1 3 11842 11905 11774 
1 2 3851 947 
1 6 11784 9901 6877 11860 940 7143 
1 3 3907 740 3983 
1 9 3983 9878 3927 11907 10041 9929 11796 7130 4112 
1 5 3983 3856 6945 6992 4112 
1 5 6992 928 9921 11778 6912 
1 5 3951 11831 856 785 11778 
1 6 7143 9830 11810 11746 3889 12029 
1 3 9830 961 921 
1 5 921 6953 3862 11844 804 
1 5 804 11826 919 3903 6950 
1 4 3903 933 9915 11881 
1 4 921 11779 9777 3903 
1 7 3889 1109 806 6813 3890 9860 876 
1 2 806 9893 
1 6 9893 797 11871 12416 3933 12387 
1 3 9893 6370 12473 
1 2 12387 6362 
1 4 876 4512 871 10497 
1 5 9860 6965 6836 3950 6950 
1 3 6836 6919 9812 
1 5 9812 11853 1005 6991 10472 
1 2 10472 12441 
1 7 876 11739 13925 878 12318 864 6935 
1 7 876 11739 13925 878 12318 864 6935 
1 3 6935 1636 14623 
1 3 1599 14158 4534 
1 4 1599 6671 3658 13930 
1 3 6671 6669 3656 
1 3 13930 772 3653 
1 3 772 11599 11617 
1 2 6671 11609 
1 3 12320 3564 12441 
1 4 12441 12380 1254 1599 
1 5 7661 7495 6784 4458 7624 
1 4 7661 1536 12434 4473 
1 4 7495 4614 4477 11674 
1 3 4477 11645 3711 
1 5 11674 1539 12309 4605 14158 
1 4 12320 6642 11708 12309 
1 3 4477 13919 1610 
1 10 12320 1210 6997 3594 4660 9715 11877 11704 1305 1536 
1 3 3668 4463 7624 
1 6 9628 670 3672 683 3682 3668 
1 8 683 11632 6730 6748 3726 6760 6758 9753 
1 6 11632 9647 6733 731 11678 11696 
1 3 9663 11647 11617 
1 4 9663 9696 3720 3734 
1 6 9753 3435 11429 6486 11474 3529 
1 5 3529 3555 9475 6539 3578 
1 5 3734 3752 9744 11559 9417 
1 4 9417 6445 6493 6474 
1 11 9417 11434 11450 11459 9488 3540 6591 15417 11412 3527 413 
1 7 11450 484 500 3489 3505 9504 3529 
1 6 11696 9726 9742 6781 684 11559 
1 4 3555 3582 11451 11408 
1 4 3720 735 6736 9726 
